%YAML:1.0

#common parameters
imu: 1         
cam: 6 
lidar: 1 

imu0_topic: "/imu0"
cam0_topic: "/cam0/image_raw"
cam1_topic: "/cam1/image_raw"
lidar0_topic: "/lidar/livox"

imu0_calib: "/shared/SensorFusion/config/nclt/imu0.yaml"
cam0_calib: "/shared/SensorFusion/config/nclt/cam0_pinhole.yaml"
cam1_calib: "/shared/SensorFusion/config/nclt/cam1_pinhole.yaml"
cam2_calib: "/shared/SensorFusion/config/nclt/cam2_pinhole.yaml"
cam3_calib: "/shared/SensorFusion/config/nclt/cam3_pinhole.yaml"
cam4_calib: "/shared/SensorFusion/config/nclt/cam4_pinhole.yaml"
cam5_calib: "/shared/SensorFusion/config/nclt/cam5_pinhole.yaml"
lidar0_calib: "/shared/SensorFusion/config/nclt/lidar0.yaml"

T_body_imu0: !!opencv-matrix
  rows: 4
  cols: 4
  dt: d
  data: [1.0, 0.0, 0.0, 0.0, 
          0.0, 1.0, 0.0, 0.0, 
          0.0, 0.0, 1.0, 0.0, 
          0.0, 0.0, 0.0, 1.0]

T_body_cam0: !!opencv-matrix
  rows: 4
  cols: 4
  dt: d
  data: [0.9999627366122558, 0.004387909431524571, 0.007434489743681828, 0.1461648553969622, 
         0.004382224727162755, -0.9999900932133059, 0.0007807571223255985, 0.18265544152977933, 
         0.007437841983318541, -0.0007481484238816148, -0.9999720589999337, -0.5824080622860959, 
         0.0, 0.0, 0.0, 1.0]

T_body_cam1: !!opencv-matrix
  rows: 4
  cols: 4
  dt: d
  data: [-0.001985499410339746, -0.9479458219723897, 0.3184254644295617, 0.15988739082653983, 
         0.003501378485919983, -0.31843073030204333, -0.9479396659851331, 0.14279193802797313, 
         0.9999918990375822, -0.000767205577328391, 0.00395136113412062, -0.5203876761219848, 
         0.0, 0.0, 0.0, 1.0]

T_body_cam2: !!opencv-matrix
  rows: 4
  cols: 4
  dt: d
  data: [-0.0024311394671548137, -0.5976518162340473, -0.8017520789577263, 0.11255460057571409, 
         0.0011279091948189002, 0.8017522994973708, -0.5976554007716538, 0.1557881003762482, 
         0.9999964086844212, -0.0023572871743957825, -0.0012750746793595866, -0.5203388367053738, 
         0.0, 0.0, 0.0, 1.0]

T_body_cam3: !!opencv-matrix
  rows: 4
  cols: 4
  dt: d
  data: [-0.0008551731371984844, 0.5772293536524076, -0.8165816199014824, 0.10983197151210068, 
         0.002382914256673291, 0.8165807763791053, 0.5772262618486299, 0.20468698829392987, 
         0.9999967951941399, -0.0014522155905821671, -0.0020738060005007232, -0.520142282906181, 
         0.0, 0.0, 0.0, 1.0]

T_body_cam4: !!opencv-matrix
  rows: 4
  cols: 4
  dt: d
  data: [-0.005973275105255637, 0.9552037233342779, 0.2958887745637696, 0.15588344644030513, 
         -0.0038734188099769353, -0.2959139349045098, 0.9552067523610017, 0.22246300522260137, 
         0.9999746579845108, 0.004559611569193725, 0.005467479409986342, -0.5195125741730824, 
         0.0, 0.0, 0.0, 1.0]

T_body_cam5: !!opencv-matrix
  rows: 4
  cols: 4
  dt: d
  data: [-0.005412449482651442, 0.013074449187457475, 0.9998998770722208, 0.18684258664191114, 
         -0.0017662237669016497, -0.9999130885355276, 0.013065061383215337, 0.1842699668225334, 
         0.9999837927907649, -0.0016953329426826014, 0.0054350714816345565, -0.5196176301021812, 
         0.0, 0.0, 0.0, 1.0]

T_body_lidar0: !!opencv-matrix
  rows: 4
  cols: 4
  dt: d
  data: [1.0, 0.0, 0.0, 0.11, 
         0.0, 1.0, 0.0, 0.18, 
         0.0, 0.0, 1.0, 0.71, 
         0.0, 0.0, 0.0, 1.0]


camera_stereo:
  